MESH streamflow records for a Baker Creek watershed - Calibration   01 Comment line                                                       | *
    1 1234  1234 24  2005    1   0        02 WF_NO,WF_NL,WF_MHRD,WF_KT,WF_START_YEAR,WF_START_DAY,WF_START_HOUR   | 7I5
 3751 -6865  07SB013                                03 WF_IY, WF_JX, WF_GAGE                                                | 2I5,1X,A12
-0.104	
-0.109
-0.114
-0.12
-0.128
-0.138
-0.145
-0.149
-0.153
-0.158
-0.161
-0.165
-0.169
-0.172
-0.177
-0.182
-0.185
-0.188
-0.192
-0.197
-0.201
-0.202
-0.203
-0.204
-0.204
-0.205
-0.202
-0.192
-0.187
-0.185
-0.189
-0.192
-0.2
-0.201
-0.202
-0.202
-0.203
-0.204
-0.207
-0.211
-0.215
-0.217
-0.216
-0.214
-0.214
-0.213
-0.21
-0.206
-0.2
-0.197
-0.195
-0.192
-0.189
-0.187
-0.186
-0.185
-0.184
-0.182
-0.18
-0.178
-0.178
-0.175
-0.17
-0.168
-0.166
-0.163
-0.161
-0.159
-0.157
-0.157
-0.157
-0.154
-0.149
-0.145
-0.14
-0.135
-0.131
-0.127
-0.123
-0.12
-0.118
-0.117
-0.116
-0.115
-0.114
-0.113
-0.111
-0.111
-0.11
-0.107
-0.106
-0.106
-0.105
-0.105
-0.104
-0.104
-0.102
-0.103
-0.104
-0.101
-0.095
-0.088
-0.083
-0.082
-0.077
-0.072
-0.066
-0.062
-0.06
-0.058
-0.058
-0.062
-0.074
-0.084
-0.095
-0.108
-0.109
-0.106
-0.102
-0.097
-0.092
-0.087
-0.088
-0.091
-0.096
-0.111
-0.13
-0.162
-0.209
-0.283
-0.368
-0.494
-0.656
-0.804
-1.01
-1.19
-1.32
-1.4
-1.51
-1.61
-1.66
-1.67
-1.67
-1.65
-1.62
-1.58
-1.51
-1.43
-1.38
-1.33
-1.27
-1.22
-1.16
-1.1
-1.04
-0.983
-0.93
-0.877
-0.827
-0.78
-0.741
-0.688
-0.652
-0.609
-0.602
-0.673
-0.679
-0.676
-0.663
-0.648
-0.626
-0.586
-0.545
-0.511
-0.494
-0.469
-0.447
-0.428
-0.405
-0.392
-0.374
-0.347
-0.313
-0.28
-0.25
-0.227
-0.203
-0.193
-0.194
-0.187
-0.185
-0.179
-0.17
-0.161
-0.153
-0.154
-0.155
-0.158
-0.155
-0.147
-0.138
-0.122
-0.115
-0.106
-0.099
-0.094
-0.09
-0.086
-0.081
-0.076
-0.075
-0.075
-0.079
-0.091
-0.095
-0.091
-0.087
-0.091
-0.094
-0.079
-0.074
-0.071
-0.06
-0.058
-0.051
-0.043
-0.041
-0.039
-0.036
-0.032
-0.028
-0.025
-0.03
-0.028
-0.026
-0.024
-0.02
-0.019
-0.017
-0.017
-0.039
-0.038
-0.037
-0.038
-0.039
-0.047
-0.092
-0.109
-0.121
-0.127
-0.136
-0.148
-0.154
-0.165
-0.203
-0.232
-0.253
-0.271
-0.289
-0.31
-0.324
-0.352
-0.401
-0.442
-0.527
-0.615
-0.69
-0.776
-0.894
-0.988
-1.06
-1.22
-1.31
-1.38
-1.44
-1.51
-1.55
-1.58
-1.6
-1.61
-1.61
-1.61
-1.6
-1.6
-1.57
-1.55
-1.51
-1.46
-1.55
-1.54
-1.48
-1.46
-1.44
-1.42
-1.38
-1.35
-1.33
-1.3
-1.29
-1.28
-1.25
-1.23
-1.21
-1.19
-1.17
-1.15
-1.14
-1.13
-1.11
-1.11
-1.12
-1.12
-1.12
-1.12
-1.12
-1.11
-1.08
-1.04
-0.997
-0.956
-0.934
-0.933
-0.911
-0.881
-0.851
-0.854
-0.832
-0.815
-0.798
-0.78
-0.764
-0.743
-0.724
-0.707
-0.687
-0.674
-0.657
-0.642
-0.63
-0.618
-0.599
-0.595
-0.593
-0.577
-0.565
-0.552
-0.556
-0.556
-0.547
-0.532
-0.522
-0.511
-0.498
-0.485
-0.485
-0.488
-0.483
-0.478
-0.465
-0.453
-0.442
-0.428
-0.423
-0.419
-0.414
-0.409
-0.404
-0.399
-0.394
-0.39
-0.388
-0.38
-0.376
-0.374
-0.373
-0.372
-0.37
-0.365
-0.358
-0.355
-0.352
-0.349
-0.345
-0.341
-0.337
-0.332
-0.329
-0.327
-0.324
-0.321
-0.327
-0.322
-0.317
-0.314
-0.311
-0.305
-0.297
-0.295
-0.293
-0.29
-0.285
-0.28
-0.279
-0.278
-0.276
-0.267
-0.26
-0.256
-0.255
-0.255
-0.249
-0.246
-0.245
-0.244
-0.243
-0.242
-0.239
-0.235
-0.231
-0.228
-0.226
-0.223
-0.221
-0.224
-0.224
-0.224
-0.218
-0.217
-0.216
-0.215
-0.213
-0.211
-0.209
-0.206
-0.204
-0.204
-0.205
-0.206
-0.207
-0.207
-0.204
-0.199
-0.198
-0.196
-0.196
-0.194
-0.193
-0.192
-0.191
-0.19
-0.19
-0.19
-0.19
-0.189
-0.189
-0.189
-0.188
-0.184
-0.182
-0.181
-0.18
-0.18
-0.181
-0.182
-0.184
-0.185
-0.184
-0.182
-0.183
-0.187
-0.193
-0.19
-0.187
-0.185
-0.182
-0.179
-0.176
-0.174
-0.174
-0.174
-0.183
-0.207
-0.252
-0.355
-0.49
-0.684
-1.02
-1.58
-2.32
-3.07
-3.74
-4.23
-4.54
-4.75
-4.84
-4.83
-4.73
-4.56
-4.37
-4.18
-3.95
-3.65
-3.51
-3.33
-3.1
-2.96
-2.93
-2.82
-2.67
-2.55
-2.47
-2.36
-2.26
-2.18
-2.09
-1.96
-1.85
-1.76
-1.68
-1.7
-1.68
-1.61
-1.5
-1.39
-1.35
-1.31
-1.25
-1.18
-1.12
-1.05
-0.975
-0.891
-0.799
-0.723
-0.664
-0.595
-0.522
-0.452
-0.409
-0.372
-0.345
-0.325
-0.296
-0.271
-0.253
-0.261
-0.252
-0.239
-0.228
-0.26
-0.266
-0.255
-0.237
-0.223
-0.21
-0.198
-0.186
-0.179
-0.176
-0.171
-0.165
-0.158
-0.149
-0.14
-0.133
-0.124
-0.123
-0.117
-0.11
-0.104
-0.101
-0.096
-0.085
-0.075
-0.068
-0.064
-0.056
-0.048
-0.044
-0.04
-0.036
-0.032
-0.028
-0.025
-0.022
-0.02
-0.018
-0.015
-0.013
-0.011
-0.019
-0.019
-0.018
-0.017
-0.019
-0.02
-0.019
-0.016
-0.014
-0.014
-0.014
-0.013
-0.013
-0.013
-0.012
-0.015
-0.015
-0.014
-0.014
-0.013
-0.012
-0.011
-0.01
-0.013
-0.012
-0.011
-0.01
-0.01
-0.011
-0.011
-0.01
-0.01
0.009
-0.008
-0.008
-0.008
-0.008
-0.008
-0.007
-0.007
-0.008
-0.008
-0.007
-0.007
-0.007
-0.007
-0.007
-0.007
-0.008
-0.007
-0.007
-0.007
-0.007
-0.007
-0.007
-0.006
-0.006
-0.006
-0.006
-0.006
-0.006
-0.005
-0.005
-0.005
-0.005
-0.005
-0.005
-0.005
-0.005
-0.005
-0.005
-0.005
-0.006
-0.006
-0.006
-0.006
-0.006
-0.006
-0.006
-0.006
-0.006
-0.006
-0.006
-0.006
-0.006
-0.006
-0.007
-0.007
-0.008
-0.008
-0.008
-0.009
-0.01
-0.011
-0.013
-0.014
-0.016
-0.017
-0.021
-0.024
-0.024
-0.026
-0.028
-0.03
-0.032
-0.035
-0.037
-0.041
-0.045
-0.05
-0.056
-0.065
-0.074
-0.08
-0.088
-0.094
-0.102
-0.11
-0.114
-0.12
-0.124
-0.13
-0.133
-0.138
-0.142
-0.146
-0.149
-0.154
-0.154
-0.154
-0.157
-0.158
-0.159
-0.162
-0.165
-0.167
-0.168
-0.169
-0.166
-0.167
-0.166
-0.167
-0.166
-0.165
-0.166
-0.172
-0.172
-0.171
-0.171
-0.171
-0.171
-0.172
-0.172
-0.171
-0.171
-0.175
-0.176
-0.176
-0.176
-0.176
-0.176
-0.178
-0.189
-0.21
-0.255
-0.275
-0.288
-0.295
-0.303
-0.309
-0.311
-0.312
-0.314
-0.316
-0.316
-0.315
-0.312
-0.309
-0.306
-0.303
-0.3
-0.295
-0.289
-0.286
-0.283
-0.279
-0.273
-0.271
-0.269
-0.269
-0.275
-0.274
-0.268
-0.265
-0.266
-0.262
-0.258
-0.257
-0.255
-0.252
-0.249
-0.249
-0.245
-0.243
-0.238
-0.239
-0.237
-0.236
-0.235
-0.233
-0.234
-0.232
-0.229
-0.226
-0.224
-0.219
-0.217
-0.214
-0.212
-0.212
-0.211
-0.207
-0.211
-0.208
-0.204
-0.2
-0.196
-0.195
-0.193
-0.189
-0.185
-0.185
-0.184
-0.181
-0.18
-0.178
-0.174
-0.171
-0.169
-0.167
-0.164
-0.161
-0.148
-0.133
-0.119
-0.107
-0.097
-0.087
-0.08
-0.072
-0.065
-0.058
-0.052
-0.045
-0.044
-0.046
-0.048
-0.053
-0.059
-0.066
-0.084
-0.1
-0.114
-0.129
-0.141
-0.154
-0.165
-0.199
-0.292
-0.454
-0.72
-1.09
-1.49
-1.82
-2.01
-2.12
-2.17
-2.17
-2.14
-2.13
-2.11
-2.04
-1.97
-1.86
-1.74
-1.63
-1.54
-1.45
-1.37
-1.3
-1.25
-1.18
-1.12
-1.04
-0.955
-0.894
-0.833
-0.782
-0.727
-0.683
-0.637
-0.599
-0.562
-0.529
-0.482
-0.45
-0.414
-0.384
-0.359
-0.327
-0.297
-0.269
-0.241
-0.218
-0.198
-0.183
-0.169
-0.155
-0.141
-0.124
-0.109
-0.095
-0.086
-0.072
-0.067
-0.055
-0.045
-0.037
-0.032
-0.028
-0.024
-0.023
-0.023
-0.019
-0.016
-0.014
-0.012
-0.009
-0.007
-0.006
-0.006
-0.005
-0.004
-0.004
-0.003
-0.003
-0.003
-0.002
-0.002
-0.002
-0.002
-0.014
-0.023
-0.023
-0.021
-0.02
-0.018
-0.019
-0.024
-0.021
-0.019
-0.018
-0.018
-0.017
-0.017
-0.019
-0.018
-0.018
-0.016
-0.015
-0.014
-0.014
-0.012
-0.01
-0.009
-0.008
-0.007
-0.007
-0.007
-0.006
-0.007
-0.006
-0.006
-0.007
-0.006
-0.006
-0.008
-0.012
-0.012
-0.012
-0.013
-0.012
-0.012
-0.015
-0.018
-0.018
-0.018
0.018
0.017
0.017
0.017
0.017
0.017
0.017
0.018
0.018
0.023
0.026
0.027
0.03
0.032
0.053
0.062
0.07
0.081
0.091
0.101
0.117
0.125
0.132
0.148
0.151
0.156
0.164
0.169
0.173
0.179
0.18
0.185
0.187
0.192
0.193
0.197
0.208
0.211
0.216
0.219
0.253
0.255
0.259
0.259
0.259
0.266
0.272
0.277
0.28
0.283
0.286
0.285
0.284
0.284
0.283
0.282
0.28
0.283
0.289
0.295
0.295
0.295
0.294
0.298
0.3
0.311
0.311
0.31
0.308
0.305
0.299
0.295
0.29
0.285
0.282
0.278
0.276
0.275
0.272
0.269
0.266
0.267
0.266
0.264
0.262
0.26
0.258
0.253
0.249
0.248
0.246
0.243
0.251
0.25
0.259
0.262
0.259
0.254
0.249
0.246
0.242
0.237
0.234
0.23
0.229
0.226
0.222
0.218
0.215
0.214
0.214
0.216
0.228
0.231
0.229
0.226
0.219
0.215
0.213
0.207
0.207
0.206
0.207
0.202
0.197
0.194
0.192
0.188
0.188
0.188
0.186
0.185
0.186
0.186
0.184
0.182
0.179
0.177
0.174
0.172
0.168
0.165
0.161
0.159
0.154
0.153
0.15
0.146
0.144
0.141
0.138
0.136
0.134
0.138
0.137
0.133
0.132
0.132
0.132
0.131
0.131
0.127
0.125
0.124
0.123
0.122
0.121
0.12
0.12
0.121
0.121
0.121
0.12
0.12
0.12
0.12
0.12
0.119
0.119
0.119
0.119
0.119
0.119
0.118
0.118
0.118
0.117
0.116
0.119
0.121
0.12
0.119
0.119
0.118
0.117
0.114
0.114
0.114
0.113
0.112
0.111
0.111
0.11
0.11
0.11
0.11
0.109
0.109
0.109
0.109
0.109
0.11
0.11
0.109
0.107
0.106
0.103
0.1
0.099
0.097
0.096
0.094
0.093
0.092
0.091
0.091
0.091
0.091
0.093
0.099
0.113
0.14
0.168
0.18
0.188
0.193
0.203
0.224
0.264
0.329
0.422
0.578
0.743
0.934
1.14
1.28
1.38
1.45
1.49
1.51
1.56
1.62
1.61
1.59
1.52
1.44
1.37
1.34
1.3
1.25
1.18
1.12
1.04
0.982
0.917
0.855
0.802
0.767
0.734
0.706
0.671
0.633
0.597
0.559
0.522
0.495
0.466
0.43
0.412
0.395
0.381
0.356
0.33
0.327
0.333
0.323
0.311
0.295
0.288
0.267
0.249
0.239
0.226
0.212
0.195
0.186
0.175
0.161
0.15
0.142
0.133
0.125
0.117
0.108
0.109
0.108
0.101
0.092
0.086
0.084
0.085
0.083
0.075
0.068
0.065
0.057
0.046
0.04
0.034
0.03
0.027
0.035
0.046
0.043
0.045
0.046
0.04
0.035
0.033
0.03
0.029
0.032
0.026
0.025
0.029
0.026
0.024
0.021
0.019
0.016
0.013
0.012
0.011
0.01
0.009
0.01
0.01
0.008
0.007
0.007
0.007
0.008
0.007
0.007
0.006
0.006
0.007
0.006
0.006
0.006
0.005
0.005
0.006
0.007
0.007
0.006
0.006
0.006
0.006
0.008
0.008
0.008
0.008
0.011
0.042
0.097
0.119
0.13
0.141
0.16
0.197
0.274
0.382
0.562
0.773
1.01
1.24
1.45
1.58
1.67
1.72
1.75
1.72
1.68
1.66
1.63
1.59
1.54
1.47
1.42
1.37
1.33
1.29
1.25
1.21
1.17
1.14
1.19
1.14
1.04
1.01
1.01
0.967
0.959
0.933
0.897
0.897
0.908
0.881
0.856
0.828
0.811
0.808
0.798
0.784
0.78
0.776
0.759
0.749
0.741
0.728
0.71
0.698
0.688
0.68
0.675
0.663
0.65
0.642
0.63
0.617
0.605
0.595
0.581
0.572
0.564
0.549
0.539
0.528
0.52
0.507
0.492
0.481
0.469
0.46
0.447
0.436
0.425
0.42
0.418
0.414
0.409
0.406
0.402
0.395
0.393
0.386
0.381
0.376
0.374
0.367
0.363
0.358
0.356
0.351
0.344
0.342
0.335
0.33
0.328
0.326
0.324
0.32
0.314
0.307
0.301
0.296
0.292
0.286
0.283
0.279
0.273
0.27
0.266
0.267
0.265
0.259
0.253
0.248
0.245
0.243
0.24
0.238
0.242
0.243
0.241
0.241
0.246
0.251
0.247
0.241
0.239
0.237
0.235
0.233
0.23
0.227
0.224
0.22
0.218
0.216
0.212
0.208
0.206
0.203
0.201
0.2
0.199
0.196
0.195
0.193
0.191
0.189
0.187
0.186
0.187
0.189
0.189
0.188
0.187
0.187
0.186
0.186
0.185
0.184
0.183
0.183
0.182
0.182
0.182
0.183
0.185
0.186
0.189
0.19
0.19
0.19
0.19
0.19
0.19
0.19
0.19
0.19
0.19
0.189
0.189
0.188
0.187
0.188
0.188
0.188
0.187
0.187
0.187
0.188
0.188
0.205
0.211
0.211
0.21
0.207
0.208
0.216
0.216
0.213
0.208
0.205
0.202
0.199
0.195
0.193
0.191
0.19
0.193
0.201
0.222
0.273
0.332
0.358
0.387
0.435
0.564
0.747
1.05
1.47
1.95
2.41
2.89
3.25
3.51
3.65
3.66
3.6
3.49
3.33
3.17
3.03
2.9
2.75
2.6
2.45
2.31
2.18
2.08
2.02
1.92
1.83
1.74
1.65
1.56
1.46
1.37
1.3
1.24
1.19
1.14
1.07
1.01
0.97
0.931
0.869
0.815
0.782
0.76
0.73
0.692
0.655
0.67
0.809
0.815
0.8
0.787
0.767
0.739
0.714
0.712
0.741
0.773
0.829
0.851
0.836
0.813
0.784
0.761
0.731
0.702
0.672
0.642
0.618
0.577
0.549
0.521
0.494
0.471
0.453
0.429
0.411
0.398
0.386
0.378
0.366
0.355
0.343
0.331
0.317
0.304
0.285
0.266
0.255
0.245
0.235
0.223
0.209
0.205
0.203
0.192
0.182
0.173
0.169
0.162
0.155
0.15
0.143
0.133
0.122
0.112
0.1
0.084
0.085
0.078
0.067
0.068
0.066
0.057
0.05
0.045
0.04
0.039
0.034
0.031
0.028
0.025
0.021
0.024
0.035
0.033
0.031
0.029
0.027
0.024
0.023
0.02
0.019
0.019
0.019
0.019
0.019
0.019
0.021
0.021
0.023
0.022
0.025
0.027
0.026
0.03
0.036
0.034
0.032
0.032
0.032
0.03
0.03
0.028
0.027
0.025
0.024
0.024
0.023
0.023
0.022
0.022
0.023
0.025
0.027
0.029
0.031
0.033
0.038
0.048
0.06
0.076
0.09
0.103
0.115
0.128
0.141
0.154
0.168
0.18
0.195
0.211
0.231
0.25
0.281
0.3
0.313
0.324
0.344
0.357
0.364
0.367
0.366
0.364
0.368
0.376
0.375
0.373
0.383
0.391
0.389
0.383
0.385
0.392
0.397
0.4
0.401
0.399
0.394
0.388
0.381
0.378
0.372
0.366
0.363
0.365
0.362
0.358
0.354
0.356
0.355
0.354
0.353
0.348
0.34
0.338
0.336
0.335
0.327
0.322
0.316
0.309
0.304
0.298
0.293
0.288
0.286
0.281
0.276
0.272
0.268
0.263
0.258
0.254
0.251
0.247
0.247
0.257
0.255
0.265
0.266
0.267
0.263
0.262
0.259
0.255
0.252
0.247
0.244
0.242
0.241
0.239
0.235
0.232
0.229
0.227
0.223
0.22
0.217
0.215
0.213
0.212
0.212
0.209
0.207
0.206
0.204
0.202
0.2
0.198
0.196
0.195
0.193
0.191
0.19
0.189
0.188
0.187
0.186
0.185
0.184
0.184
0.183
0.184
0.185
0.186
0.186
0.186
0.185
0.185
0.184
0.184
0.183
0.182
0.182
0.181
0.18
0.179
0.178
0.177
0.176
0.175
0.174
0.174
0.173
0.173
0.172
0.172
0.171
0.17
0.169
0.169
0.168
0.168
0.167
0.167
0.168
0.167
0.166
0.166
0.17
0.171
0.17
0.169
0.168
0.167
0.167
0.168
0.164
0.165
0.163
0.163
0.163
0.163
0.164
0.166
0.168
0.176
0.2
0.261
0.329
0.366
0.393
0.444
0.557
0.71
0.929
1.21
1.48
1.73
1.9
1.99
2.05
2.04
2.02
1.97
1.91
1.84
1.76
1.68
1.6
1.52
1.44
1.37
1.31
1.34
1.34
1.3
1.28
1.26
1.25
1.24
1.22
1.2
1.17
1.13
1.09
1.05
1
0.966
0.911
0.855
0.803
0.765
0.724
0.67
0.641
0.602
0.56
0.531
0.498
0.452
0.415
0.386
0.361
0.343
0.32
0.306
0.297
0.306
0.309
0.294
0.279
0.262
0.248
0.237
0.222
0.225
0.216
0.198
0.192
0.178
0.172
0.166
0.159
0.152
0.147
0.142
0.136
0.129
0.121
0.113
0.108
0.102
0.089
0.077
0.068
0.057
0.048
0.043
0.038
0.033
0.029
0.026
0.025
0.024
0.023
0.024
0.021
0.021
0.02
0.025
0.021
0.018
0.015
0.014
0.012
0.011
0.01
0.009
0.008
0.007
0.007
0.006
0.005
0.006
0.006
0.006
0.005
0.004
0.004
0.004
0.004
0.004
0.004
0.003
0.003
0.002
0.002
0.002
0.002
0.002
0.002
0.002
0.002
0.002
0.002
0.002
0.002
0.002
0.001
0.001
0.001
0.001
0.001
0.001
-0.001
-0.001
-0.001
-0.001
-0.001
-0.001
-0.001
-0.001
-0.001
-0.001
-0.002
-0.001
-0.002
-0.002
-0.002
-0.002
-0.002
-0.002
-0.002
-0.001
-0.001
-0.001
-0.001
-0.002
-0.002
-0.002
-0.002
-0.002
-0.002
-0.002
-0.002
-0.002
-0.002
-0.002
-0.003
-0.003
-0.003
-0.003
-0.003
-0.003
-0.003
-0.003
-0.003
-0.003
-0.004
-0.004
-0.004
-0.004
-0.004
-0.004
-0.004
-0.004
-0.004
-0.004
-0.004
-0.005
-0.005
-0.005
-0.005
-0.005
-0.005
-0.005
-0.005
-0.005
-0.005
-0.006
-0.006
-0.006
-0.006
-0.006
-0.006
-0.006
-0.006
-0.006
-0.007
-0.007
-0.007
-0.008
-0.008
-0.009
-0.009
-0.009
-0.011
-0.013
-0.016
-0.019
-0.021
-0.023
-0.025
-0.028
-0.03
-0.032
-0.033
-0.035
-0.037
-0.042
-0.046
-0.047
-0.049
-0.05
-0.051
-0.052
-0.053
-0.053
-0.054
-0.054
-0.054
-0.054
-0.054
-0.054
-0.053
-0.053
-0.053
-0.052
-0.052
-0.05
-0.049
-0.048
-0.048
-0.049
-0.048
-0.047
-0.046
-0.045
-0.044
-0.044
-0.043
-0.042
-0.041
-0.04
-0.041
-0.042
-0.043
-0.042
-0.041
-0.04
-0.039
-0.038
-0.037
-0.036
-0.035
-0.035
-0.035
-0.035
-0.034
-0.034
-0.033
-0.033
-0.033
-0.032
-0.032
-0.033
-0.033
-0.032
-0.031
-0.03
-0.03
-0.029
-0.028
-0.028
-0.028
-0.027
-0.026
-0.027
-0.027
-0.026
-0.025
-0.024
-0.023
-0.023
-0.022
-0.021
-0.02
-0.019
-0.018
-0.017
-0.017
-0.016
-0.016
-0.015
-0.015
-0.016
-0.017
-0.017
-0.018
-0.02
-0.021
-0.023
-0.025
-0.027
-0.03
-0.033
-0.037
-0.041
-0.045
-0.047
-0.05
-0.053
-0.055
-0.058
-0.061
-0.064
-0.068
-0.071
-0.074
-0.076
-0.078
-0.086
-0.086
-0.086
-0.086
-0.086
-0.087
-0.088
-0.089
-0.089
-0.09
-0.091
-0.091
-0.092
-0.092
-0.092
-0.094
-0.095
-0.096
-0.096
-0.096
-0.095
-0.092
-0.092
-0.094
-0.101
-0.102
-0.103
-0.106
-0.114
-0.126
-0.14
-0.152
-0.157
-0.159
-0.159
-0.16
-0.16
-0.16
-0.161
-0.162
-0.164
-0.163
-0.163
-0.169
-0.172
-0.181
-0.189
-0.201
-0.223
-0.242
-0.262
-0.278
-0.3
-0.309
-0.329
-0.351
-0.363
-0.37
-0.377
-0.377
-0.379
-0.38
-0.377
-0.373
-0.388
-0.394
-0.382
-0.369
-0.356
-0.349
-0.343
-0.335
-0.326
-0.314
-0.301
-0.287
-0.27
-0.251
-0.242
-0.234
-0.238
-0.264
-0.258
-0.25
-0.238
-0.239
-0.254
-0.24
-0.227
-0.218
-0.205
-0.197
-0.19
-0.183
-0.179
-0.171
-0.153
-0.145
-0.141
-0.147
-0.144
-0.135
-0.122
-0.113
-0.102
-0.091
-0.08
-0.071
-0.056
-0.045
-0.044
-0.044
-0.04
-0.044
-0.046
-0.043
-0.037
-0.032
-0.027
-0.024
-0.021
-0.018
-0.015
-0.018
-0.023
-0.021
-0.02
-0.021
-0.03
-0.042
-0.038
-0.036
-0.034
-0.035
-0.04
-0.04
-0.039
-0.035
-0.032
-0.029
-0.027
-0.025
-0.026
-0.029
-0.028
-0.027
-0.026
-0.026
-0.026
-0.025
-0.025
-0.021
-0.023
-0.025
-0.023
-0.021
-0.02
-0.019
-0.018
-0.017
-0.017
-0.016
-0.016
-0.016
-0.016
-0.016
-0.014
-0.016
-0.016
-0.02
-0.021
-0.021
-0.023
-0.026
-0.03
-0.037
-0.046
-0.061
-0.077
-0.095
-0.112
-0.131
-0.149
-0.167
-0.185
-0.206
-0.236
-0.269
-0.297
-0.319
-0.346
-0.375
-0.407
-0.438
-0.475
-0.51
-0.567
-0.623
-0.671
-0.716
-0.768
-0.786
-0.806
-0.825
-0.842
-0.843
-0.835
-0.874
-0.925
-0.918
-0.902
-0.882
-0.861
-0.832
-0.809
-0.792
-0.769
-0.746
-0.725
-0.701
-0.677
-0.655
-0.634
-0.614
-0.6
-0.582
-0.571
-0.558
-0.551
-0.547
-0.539
-0.543
-0.536
-0.524
-0.507
-0.495
-0.492
-0.477
-0.46
-0.446
-0.428
-0.411
-0.399
-0.389
-0.381
-0.372
-0.368
-0.361
-0.354
-0.346
-0.341
-0.334
-0.328
-0.327
-0.325
-0.318
-0.313
-0.308
-0.303
-0.297
-0.292
-0.292
-0.292
-0.287
-0.283
-0.278
-0.272
-0.268
-0.264
-0.258
-0.254
-0.251
-0.249
-0.25
-0.25
-0.252
-0.249
-0.246
-0.244
-0.242
-0.24
-0.236
-0.233
-0.232
-0.228
-0.224
-0.22
-0.222
-0.22
-0.218
-0.217
-0.221
-0.216
-0.212
-0.208
-0.208
-0.208
-0.204
-0.201
-0.198
-0.196
-0.193
-0.192
-0.192
-0.191
-0.191
-0.19
-0.189
-0.189
-0.188
-0.186
-0.184
-0.183
-0.182
-0.18
-0.178
-0.177
-0.177
-0.176
-0.175
-0.173
-0.17
-0.168
-0.166
-0.164
-0.162
-0.161
-0.16
-0.161
-0.161
-0.157
-0.153
-0.148
-0.144
-0.144
-0.144
-0.141
-0.142
-0.145
-0.142
-0.138
-0.137
-0.135
-0.132
-0.13
-0.132
-0.134
-0.135
-0.134
-0.135
-0.137
-0.138
-0.138
-0.137
-0.135
-0.136
-0.136
-0.141
-0.139
-0.137
-0.139
-0.143
-0.139
-0.136
-0.134
-0.131
-0.128
-0.125
-0.124
-0.122
-0.121
-0.121
-0.12
-0.12
-0.121
-0.124
-0.127
-0.129
-0.128
-0.125
-0.121
-0.117
-0.115
-0.115
-0.12
-0.121
-0.123
-0.126
-0.126
-0.14
-0.187
-0.262
-0.369
-0.581
-0.987
-1.64
-2.34
-2.97
-3.47
-3.81
-4.01
-4.09
-4.1
-4.07
-4.05
-3.93
-3.75
-3.53
-3.34
-3.15
-2.99
-2.81
-2.6
-2.43
-2.25
-2.11
-1.98
-1.84
-1.71
-1.57
-1.43
-1.32
-1.22
-1.12
-1
-0.895
-0.813
-0.757
-0.683
-0.602
-0.527
-0.448
-0.405
-0.369
-0.331
-0.3
-0.267
-0.238
-0.214
-0.196
-0.183
-0.168
-0.152
-0.141
-0.122
-0.113
-0.106
-0.098
-0.088
-0.117
-0.153
-0.155
-0.155
-0.148
-0.143
-0.133
-0.121
-0.111
-0.097
-0.08
-0.066
-0.054
-0.045
-0.039
-0.04
-0.034
-0.028
-0.026
-0.022
-0.019
-0.017
-0.015
-0.013
-0.012
-0.01
-0.008
-0.008
-0.007
-0.006
-0.004
-0.004
-0.003
-0.004
-0.005
-0.004
-0.004
-0.004
-0.003
-0.003
-0.002
-0.002
-0.002
-0.002
-0.002
-0.002
-0.002
-0.002
-0.002
-0.001
-0.001
-0.001
-0.001
-0.001
-0.001
-0.001
-0.001
-0.001
-0.001
-9999
-9999
-9999
-9999
-9999
-9999
-9999
-9999
-9999
-9999
-9999
-9999
-9999
-9999
-9999
-9999
-0.001
-0.001
-0.001
-0.001
-9999
-9999
-9999
-9999
-9999
-9999
-9999
-9999
-9999
-9999
-9999
-9999
-9999
-9999
-9999
-9999
-9999
-9999
-9999
-9999
-9999
-9999
-9999
-9999
-9999
-9999
-0.001
-0.001
-0.001
-0.001
-0.001
-0.001
-0.001
-0.001
-0.001
-0.001
-0.001
-0.001
-0.001
-0.001
-0.001
-0.002
-0.002
-0.002
-0.002
-0.002
-0.002
-0.002
-0.002
-0.002
-0.002
-0.002
-0.002
-0.002
-0.002
-0.002
-0.002
-0.002
-0.002
-0.002
-0.002
-0.002
-0.002
-0.002
-0.002
-0.002
-0.002
-0.002
-0.002
-0.002
-0.002
-0.002
-0.002
-0.002
-0.002
-0.002
-0.002
-0.002
-0.002
-0.002
-0.002
-0.002
-0.002
-0.002
-0.002
-0.002
-0.002
-0.002
-0.002
-0.002
-0.002
-0.002
-0.002
-0.002
-0.002
-0.002
-0.002
-0.002
-0.002
-0.002
-0.002
-0.002
-0.002
-0.002
-0.002
-0.002
-0.002
-0.002
-0.002
-0.002
-0.002
-0.002
-0.002
-0.002
-0.002
-0.002
-0.002
-0.002
-0.002
-0.002
-0.002
-0.002
-0.002
-0.002
-0.002
-0.002
-0.002
-0.002
-9999
-9999
-9999
-9999
-9999
-9999
-9999
-9999
-9999
-9999
-9999
-9999
-9999
-9999
-9999
-9999
-9999
-9999
-9999
-9999
-9999
-9999
-9999
-9999
-9999
-9999
-9999
-9999
-9999
-9999
-9999
-9999
-9999
-9999
-9999
-9999
-9999
-9999
-9999
-9999
-9999
-9999
-9999
-9999
-9999
-9999
-9999
-9999
-9999
-9999
-9999
-9999
-9999
-9999
-9999
-9999
-9999
-9999
-9999
-9999
-9999
-9999
-9999
-9999
-9999
-9999
-9999
-9999
-9999
-9999
-9999
-9999
-9999
-9999
-9999
-9999
-9999
-9999
-9999
-9999
-9999
-9999
-9999
-9999
-9999
-9999
-9999
-9999
-9999
-9999
-9999
-9999
-0.218
-0.357
-0.354
-0.351
-0.349
-0.347
-0.344
-0.345
-0.353
-0.35
-0.333
-0.321
-0.316
-0.312
-0.31
-0.312
-0.326
-0.322
-0.317
-0.314
-0.314
-0.312
-0.308
-0.306
-0.296
-0.29
-0.288
-0.286
-0.279
-0.276
-0.274
-0.274
-0.278
-0.279
-0.278
-0.274
-0.27
-0.276
-0.281
-0.282
-0.289
-0.327
-0.336
-0.331
-0.321
-0.32
-0.326
-0.332
-0.334
-0.346
-0.359
-0.365
-0.369
-0.373
-0.379
-0.386
-0.384
-0.383
-0.383
-0.371
-0.357
-0.35
-0.343
-0.338
-0.331
-0.317
-0.316
-0.312
-0.311
-0.302
-0.297
-0.29
-0.283
-0.274
-0.266
-0.255
-0.252
-0.269
-0.261
-0.246
-0.239
-0.224
-0.202
-0.187
-0.168
-0.145
-0.124
-0.108
-0.093
-0.076
-0.059
-0.047
-0.037
-0.032
-0.029
-0.025
-0.022
-0.019
-0.016
-0.014
-0.011
-0.009
-0.007
-0.006
-0.005
-0.004
-0.004
-0.003
-0.003
-0.003
-0.003
-0.002
-0.002
-0.002
-0.002
-0.002
-0.002
-0.002
-0.002
-0.002
-0.002
-0.002
-0.002
-0.002
-0.002
-0.002
-0.002
-0.002
-0.002
-9999
-9999
-9999
-9999
-9999
-9999
-9999
-9999
-9999
-9999
-9999
-9999
-9999
0.001
0.001
0.001
0.001
0.001
0.001
0.001
0.001
-9999
-9999
-9999
-9999
-9999
-9999
0
0
0
0
0
0
0
0
0
0
0.001
0.001
0.001
0.001
0.001
0.001
0.001
0.001
0.001
0.001
0.001
0.001
0.001
0.001
0
0
0
0
0
0
0
0
0
0
0
0
0
0
0
0
0
0
0
0
0
0
0
0
0
0
0
0
0
0
0
0
0
0
0
0
0
0
0
0
0
0
0
0
0
0
0
0
0
0
0
0
0
0
0
0
0
0
0
0
0
0
0
0
0
0
0
0
0
0
0
0
0
0
0
0
0
0
0
0
0
0
0
0
0
0
0
0
0
0
0
0
0
0
0
0
0
0
0
0
0
0
0
0
0
0
0
0
0
0
0
0
0
0
0
0
0
0
0
0
0
0
0
0
0
0
0
0
0
0
0
0
0
0
0
0
0
0
0
0
0
0
0
0
0
0
0
0
0
0
0
0
0
0
0
0
0
0
0
0
0
0
0
0
0
0
0
0
0
0
0
0
0
0
0
0
0
0
0
0
0.001
0.002
0.005
0.01
0.022
0.061
0.156
0.226
0.222
0.203
0.176
0.157
0.143
0.132
0.125
0.119
0.114
0.11
0.107
0.106
0.105
0.105
0.104
0.108
0.107
0.106
0.105
0.105
0.108
0.124
0.124
0.129
0.133
0.129
0.126
0.123
0.121
0.116
0.109
0.107
0.1
0.093
0.088
0.084
0.084
0.082
0.079
0.077
0.073
0.071
0.065
0.063
0.061
0.059
0.06
0.06
0.06
0.056
0.053
0.051
0.048
0.052
0.053
0.052
0.052
0.051
0.049
0.046
0.043
0.042
0.04
0.038
0.034
0.03
0.03
0.027
0.024
0.021
0.018
0.015
0.013
0.011
0.009
0.007
0.006
0.006
0.005
0.004
0.003
0.003
0.002
0.002
0.001
0.001
0.001
0.001
0.001
0
0
0
0
0
0
0
0
0
0
0
0
0
0
0
0
0
0
0
0
0
0
0
0
0
0
0
0
0
0
0
0
0
0
0
0.001
0.001
0.001
0.001
0.001
0.001
0
0
0
0
0
0
0
0
0
0
0
0
0
0
0
0
0
0
0
0
0
0
0
0
0
0
0
0
0
0
0
0
0
0
0
0
0
0
0
0
0
0
0
0
0
0
0
0
0
0
0
0
0
0
0
0
0
0
0
0
0
0
0
0
0
0
0
0
0
0
0
0
0
0
0
0
0
0
0
0
0
0
0
0
0
0
0
0
0
0
0
0
0
0
0
0
0
0
0
0
0
0
0
0
0
0
0
0
0
0
0
0
0
0
0
0
0
0
0
0
0
0
0
0
0
0
0
0
0
0
0
0
0
0
0
0
0
0
0
0
0
0
0
0
0
0
0
0
0
0
0
0
0
0
0
0
0
0
0
0
0
0
0
0
0
0
0
0
0
0
0
0
0
0
0
0
0
0
0
0
0
0
0
0
0
0
0
0
0
0
0
0
0
0
0
0
0
0
0
0
0
0
0
0
0
0
0
0
0
0
0
0
0
0
0
0
0
0
0
0
0
0
0
0
0
0
0
0
0
0
0
0.007
0.034
0.07
0.083
0.086
0.086
0.085
0.081
0.077
0.073
0.07
0.067
0.064
0.063
0.061
0.06
0.06
0.06
0.061
0.061
0.061
0.061
0.061
0.061
0.06
0.058
0.053
0.051
0.046
0.04
0.035
0.029
0.026
0.024
0.023
0.021
0.021
0.019
0.017
0.016
0.015
0.013
0.011
0.01
0.008
0.007
0.005
0.004
0.003
0.002
0.002
0.002
0.001
0.001
0.001
0.001
0.001
0
0
0
0
0
0
0
0
0
0
0
0
0
0
0
0
0
0
0
0
0
0
0
0
0
0
0
0
0
0
0
0
0
0
0
0
0
0
0
0
0
0
0
0
0
0
0
0
0
0
0
0
0
0
0
0
0
0
0
0
0
0
0
0
0
0
0
0
0
0
0
0
0
0
0
0
0
0
0
0
0
0
0
0
0
-9999
-9999
-9999
-9999
-9999
-9999
-9999
-9999
-9999
-9999
-9999
-9999
-9999
-9999
-9999
-9999
-9999
-9999
-9999
-9999
-9999
-9999
-9999
-9999
-9999
-9999
-9999
-9999
-9999
-9999
-9999
-9999
-9999
-9999
-9999
-9999
-9999
-9999
-9999
-9999
-9999
-9999
-9999
-9999
-9999
-9999
-9999
-9999
-9999
-9999
-9999
-9999
-9999
-9999
-9999
-9999
-9999
-9999
-9999
-9999
-9999
-9999
-9999
-9999
-9999
-9999
-9999
-9999
-9999
-9999
-9999
-9999
-9999
-9999
-9999
-9999
-9999
-9999
-9999
-9999
-9999
-9999
-9999
-9999
-9999
-9999
-9999
-9999
-9999
-9999
-9999
-9999
-9999
-9999
-9999
-9999
-9999
-9999
-9999
-9999
-9999
-9999
-9999
-9999
-9999
-9999
-9999
-9999
-9999
-9999
-9999
-9999
-9999
-9999
-9999
-9999
-9999
-9999
-9999
-9999
-9999
-9999
-9999
-9999
-9999
-9999
-9999
-9999
-9999
-9999
-9999
-9999
-9999
-9999
-9999
-9999
-9999
-9999
-9999
-9999
-9999
-9999
-9999
-9999
-9999
-9999
-9999
-9999
-9999
-9999
-9999
-9999
-9999
-9999
-9999
-9999
-9999
-9999
-9999
-9999
-9999
-9999
-9999
-9999
-9999
-9999
-9999
-9999
-9999
-9999
-9999
-9999
-9999
-9999
-9999
-9999
-9999
-9999
-9999
-9999
-9999
-9999
-9999
-9999
-9999
-9999
-9999
-9999
-9999
-9999
-9999
-9999
-9999
-9999
-9999
-9999
-9999
-9999
-9999
-9999
-9999
-9999
-9999
-9999
-9999
-9999
-9999
-9999
-9999
-9999
-9999
-9999
-9999
-9999
-9999
-9999
-9999
-9999
-9999
-9999
-9999
-9999
-9999
-9999
-9999
-9999
-9999
-9999
-9999
-9999
-9999
-9999
-9999
-9999
-9999
-9999
-9999
-9999
-9999
-9999
-0.001
-0.001
-0.002
-0.002
-0.002
-0.003
-0.004
-0.006
-0.008
-0.009
-0.011
-0.01
-0.01
-0.01
-0.009
-0.008
-0.008
-0.008
-0.009
-0.009
-0.009
-0.009
-0.009
-0.008
-0.007
-0.006
-0.009
-0.01
-0.009
-0.009
-0.008
-0.007
-0.007
-0.008
-0.007
-0.009
-0.009
-0.008
-0.007
-0.006
-0.006
-0.004
-0.004
-0.003
-0.003
-0.003
-0.004
-0.003
-0.003
-0.002
-0.001
-0.001
-9999
-9999
-9999
-9999
-9999
-9999
-9999
-9999
-9999
-9999
-9999
-9999
-9999
-9999
-9999
-9999
-9999
-9999
-9999
-9999
-9999
-9999
-9999
-9999
-9999
-9999
-9999
-9999
-9999
-9999
-9999
-9999
-9999
-9999
-9999
-9999
-9999
-9999
-9999
-9999
-9999
-9999
-9999
-9999
-9999
-9999
-9999
-9999
-9999
-9999
-9999
-9999
-9999
-9999
-9999
-9999
-9999
-9999
-9999
-9999
-9999
-9999
-9999
-9999
-9999
-9999
-9999
-9999
-9999
-9999
-9999
-9999
-9999
-9999
-9999
-9999
-9999
-9999
-9999
-9999
-9999
-9999
-9999
-9999
-9999
-9999
-9999
-9999
-9999
-9999
-9999
-9999
-9999
-9999
-9999
-9999
-9999
-9999
-9999
-9999
-9999
-9999
-9999
-9999
-9999
-9999
-9999
-9999
-9999
-9999
-9999
-9999
-9999
-9999
-9999
-9999
-9999
-9999
-9999
-9999
-9999
-9999
-9999
-9999
-9999
-9999
-9999
-9999
-9999
-9999
-9999
-9999
-9999
-9999
-9999
-9999
-9999
-9999
-9999
-9999
-9999
-9999
-9999
-9999
-9999
-9999
-9999
-9999
-9999
-9999
-9999
-9999
-9999
-9999
-9999
-9999
-9999
-9999
-9999
-9999
-9999
-9999
-9999
-9999
-9999
-9999
-9999
-9999
-9999
-9999
-9999
-9999
-9999
-9999
-9999
-9999
-9999
-9999
-9999
-9999
-9999
-9999
